1.094359119205763120e+00 1.956114009389794850e+00 2.347040788613308226e+00 2.989699874243706645e+00 1.544136247542043039e+00 1.964332814189987841e+00 -3.222688506175255124e-02
1.205708593573819876e+00 1.757425341034661637e+00 1.706623077433086832e+00 2.289533763021394996e+00 1.035028090578145488e+00 1.416158609387312861e+00 -9.341597013728657195e-02
1.107209260568867260e+00 2.743895031350565894e+00 1.968837287044949758e+00 1.993036677429261827e+00 2.625190350420580465e+00 1.001287446505319867e+00 -1.078792098638625130e-01
2.203139151841005727e+00 1.403597586625491722e+00 1.448946905778165650e+00 1.652082945618205345e+00 1.118161472606930218e+00 2.277458090322564743e+00 -4.923238130849862115e-02
1.059932866507713900e+00 1.455097501311991337e+00 2.017719875220447712e+00 2.311489098418863186e+00 1.180526218904119240e+00 2.850026049142888596e+00 6.143728321452355395e-02
1.082306909125413386e+00 2.288916142573854451e+00 1.965864923074208237e+00 2.484404143748337290e+00 1.650286650919890796e+00 1.504768087194618076e+00 -9.011723618860950635e-02
2.864739559149668935e+00 2.126942632425124380e+00 1.694372890013000843e+00 1.947212245079520176e+00 2.690625180154434304e+00 1.711210794718686756e+00 -2.654514281744594362e-01
2.007802522741310547e+00 1.786094734606078260e+00 2.294872137851025062e+00 2.802399866131592976e+00 2.805634008407844604e+00 1.785435143984598572e+00 3.172489907727677610e-02
1.651951082580438657e+00 1.594624637262821887e+00 1.192035837221443462e+00 1.887585143583916603e+00 2.032427176968505833e+00 1.282557369182461215e+00 -3.050032227070262336e-01
2.001563360464051922e+00 2.763684911188718285e+00 1.103014537204397127e+00 2.777942960002059536e+00 2.324291092473650622e+00 1.468698870276369473e+00 -8.694650069563596428e-01
1.352114909429310563e+00 2.416872685415061728e+00 2.475878394920620007e+00 1.990810963767851272e+00 1.518504422173333923e+00 2.071559952061599930e+00 7.239980179362767720e-02
1.934185414456405017e+00 2.694124411020016652e+00 2.987208841302043894e+00 2.093322511462395674e+00 1.525101817081391031e+00 1.345108776784807336e+00 2.186645044734472909e-01
2.677491300863706680e+00 2.701699544558975319e+00 1.634345899540684766e+00 1.830117657651075369e+00 2.464309399319991378e+00 2.169265548218565431e+00 -3.994089747829138726e-01
1.169374403922391226e+00 2.852648513576361289e+00 2.869169532482278129e+00 1.042299590724353742e+00 1.939097619570573361e+00 2.665493433282458469e+00 2.856305958774048581e-01
1.437488744749259251e+00 1.448599833116916757e+00 2.645832456054473703e+00 1.920051590933467667e+00 2.852396639413950830e+00 2.912860497563946716e+00 3.215138969282162473e-01
2.408418818887008594e+00 1.774375379104224937e+00 2.787478946925688206e+00 1.393819562337577755e+00 1.250765503036670445e+00 1.439533507649738198e+00 6.566322938022668421e-01
2.933085819771799052e+00 1.872951075713703117e+00 2.680384967013735853e+00 2.013350996629112100e+00 2.006625555058871413e+00 2.838755705455794143e+00 4.706880286409317882e-01
1.398785901601626191e+00 1.119598928953392081e+00 2.706564271213195205e+00 1.742441704780025580e+00 1.399631343250745230e+00 2.430223235762832168e+00 4.506523941349347417e-01
2.784228368058720537e+00 2.677438921457119925e+00 1.981931957976054592e+00 2.338869998778893233e+00 1.263754392794685932e+00 2.033910789122755247e+00 -3.301230749630791328e-01
2.719679491315617703e+00 1.925809991118647257e+00 1.218935209602260539e+00 2.794886716163051510e+00 2.386605304557062102e+00 2.533698053881862755e+00 -8.266069881098423444e-01
2.022144687196178126e+00 2.492387308895382958e+00 2.484083069885186568e+00 2.531813180221421877e+00 1.859997474213300084e+00 1.487043751709054007e+00 6.663482671969565146e-03
2.094111218914537886e+00 2.790868967455997662e+00 1.597753065561249741e+00 2.743868042616254943e+00 1.755982473409472666e+00 2.549477018533975681e+00 -5.496123158290590061e-01
2.027439849616676781e+00 1.989399973217575779e+00 1.830257737633528059e+00 2.069141394997838113e+00 2.145303341045623036e+00 2.395307302384884096e+00 -1.039912505966103240e-01
1.235057939486871259e+00 1.616458807806705034e+00 1.656738626293622785e+00 1.198317947358986224e+00 1.660673129498582590e+00 2.264402490482297914e+00 9.972365508554678626e-02
2.139858844921128878e+00 1.011666080261020229e+00 1.930868794567044189e+00 1.984487763057803722e+00 1.903684237322993633e+00 2.231070299910434152e+00 3.216698676923472333e-01
2.482150541227262863e+00 2.773664790747271347e+00 1.533582551531289750e+00 2.164809875811461559e+00 2.919262124063038311e+00 2.106572710065936604e+00 -5.599869816192661887e-01
1.049149553797787071e+00 2.452897283061373113e+00 1.840874350647500046e+00 2.658884760306931661e+00 2.163760316172402387e+00 1.447109030529445173e+00 -1.679521911667485046e-01
2.584323112828905256e+00 1.231788403654385577e+00 2.953450636503081927e+00 2.163541116177483126e+00 1.866082969869103492e+00 1.985669151197173354e+00 7.318178170895796031e-01
1.942220938088593973e+00 2.628726316065709945e+00 2.295197432883441024e+00 1.303325502095797450e+00 2.665372348763272115e+00 2.305380985655252513e+00 2.040604126909325855e-01
1.760069866294041718e+00 2.923320021473850172e+00 2.299079901785688662e+00 2.367987037769761827e+00 1.828860380907093575e+00 2.718064502885042089e+00 -1.413217880063767640e-01
2.007211801085411196e+00 1.903396778351640117e+00 1.108882531770678970e+00 2.821732598524053337e+00 1.452612148661601044e+00 2.395896355836995006e+00 -7.083705638502456603e-01
2.179051554341413066e+00 1.621521814979181464e+00 2.628517243292108674e+00 2.788346143111271047e+00 1.472803193151339229e+00 1.821636824264561527e+00 2.292700573046409507e-01
2.190000142326715249e+00 2.850833458273526411e+00 1.479848950042137012e+00 1.621850008939386356e+00 1.786943831439713248e+00 1.413508926189463333e+00 -3.986616079260146828e-01
1.518823793010263934e+00 1.164864251054900324e+00 2.669009284009720595e+00 1.577731813960386198e+00 2.802935591263823412e+00 2.077959617452007635e+00 4.810695783775799095e-01
2.892800511476978365e+00 2.967631171873478912e+00 1.730952101879833505e+00 1.401944781056410072e+00 2.395965078964263473e+00 2.262249492001939366e+00 -2.280491640489460126e-01
1.917504963893399861e+00 1.542948010225793531e+00 2.216567412651666569e+00 1.670990416439595450e+00 2.689423220045629392e+00 2.072324030566554676e+00 3.101320464023001322e-01
1.802345708995794604e+00 1.998663896799100614e+00 2.005281343581071241e+00 2.743416247645905415e+00 1.130464724177429714e+00 2.115459886692353297e+00 -1.206261794288400052e-01
2.991774057879857285e+00 1.946875242930596661e+00 1.493265536932648629e+00 1.297954806792410709e+00 1.217175121912963176e+00 2.965405809368887091e+00 -9.929616733378561488e-02
1.730666941818552296e+00 2.382946073106833484e+00 2.146830523058343765e+00 2.195538268694713135e+00 1.517285980446081428e+00 2.475155009805621198e+00 -4.786829135782420114e-02
2.691619019514100764e+00 1.453875470502404177e+00 2.187514036447359533e+00 1.679366611151775990e+00 2.376446413695881610e+00 2.933874625862052277e+00 4.414340351212366897e-01
1.553647554801045771e+00 1.757950565406416255e+00 2.316436614461517607e+00 1.879447223756727903e+00 2.990210713069715531e+00 1.551447853013960376e+00 1.819417182764858643e-01
1.736271091576466308e+00 1.733626699095653478e+00 2.597870710630270530e+00 1.778950268144083413e+00 2.996048940799160398e+00 2.399524168145031666e+00 3.313141320002344070e-01
1.932314782878717496e+00 2.664673224948731267e+00 1.742982329578982137e+00 2.585527413179621092e+00 2.899845359729212646e+00 2.455131599000426768e+00 -3.813293234663894249e-01
2.467564479065010641e+00 2.617627177403262451e+00 1.369464754561757758e+00 2.022165389273387959e+00 2.150268957054393582e+00 1.843465028026974650e+00 -6.221506254199477004e-01
1.038166930692073553e+00 2.388162989419548410e+00 2.341746392740827964e+00 1.835195318071622284e+00 1.336422089624851317e+00 1.147200284441254103e+00 6.296911914106501085e-02
2.126889813411048991e+00 2.936769910084272350e+00 2.762294114965228253e+00 2.072453476262134942e+00 1.540043871647944540e+00 1.666458920113224496e+00 1.131868242704067717e-01
2.575347328604769892e+00 1.046105851701803369e+00 1.160034622700094831e+00 2.453357925178539567e+00 1.060574450405864955e+00 1.680323182459688702e+00 -3.920723424973273086e-01
2.504913725460747642e+00 1.649632784308791456e+00 1.330383485525842735e+00 2.260912710134245440e+00 1.477213891678864632e+00 1.971093910381183534e+00 -4.584467324346248596e-01
2.017891546623250321e+00 1.939465454868693595e+00 2.536894257184167500e+00 2.544029548404703522e+00 2.045738530007003675e+00 1.034160863641761408e+00 1.224464648389342880e-01
2.849269262622524224e+00 1.856438025887207743e+00 1.692674007290802640e+00 2.917094778406303490e+00 2.581934908321012578e+00 1.371866799266053372e+00 -4.606530956395825660e-01
2.530107240787014433e+00 1.424348285036185935e+00 2.525760170791886861e+00 2.801045463263140967e+00 1.941170288473153427e+00 2.845248864242400977e+00 2.897956261961809887e-01
2.970954292788502649e+00 2.252223371775906813e+00 1.280060613719166351e+00 2.838460291234559119e+00 2.237973178538617880e+00 2.658341176181209242e+00 -9.790207753945876501e-01
1.959806099467457985e+00 1.797639022809337295e+00 2.321214756164094339e+00 2.704943583095332560e+00 1.056791213782706684e+00 1.860016130930008726e+00 4.895264370542978805e-02
2.702625949006861816e+00 2.828406370966064287e+00 2.794544909424204526e+00 1.347344261551681743e+00 1.537263655718084987e+00 1.011593173097466103e+00 4.560247578532795054e-01
2.601140376215516525e+00 2.473570422272462821e+00 2.609793244856720484e+00 2.497064695752885477e+00 2.363863833331482311e+00 2.334403171897807994e+00 5.323598477615847091e-02
1.084837898677450507e+00 1.869347530865751006e+00 1.214594921531642502e+00 1.550430253348272336e+00 1.497599920304938159e+00 2.152456215972660125e+00 -1.846234822016666055e-01
2.751708537731141213e+00 2.382623610747097054e+00 1.801640488303490883e+00 1.754834841820690494e+00 1.130810600797236054e+00 2.684607416797430091e+00 -1.707787152783555029e-01
1.200074112187500042e+00 1.627317269548047118e+00 2.537935449408093014e+00 1.525150778953389574e+00 1.263047637571102166e+00 2.427356044181833816e+00 2.658268465246195200e-01
1.016247727591493399e+00 1.913920392340890952e+00 2.011293352140126167e+00 2.160302987769686212e+00 2.105672069486970166e+00 2.018719652945946130e+00 -3.200660404645455735e-03
1.324442588261099729e+00 1.569842499909007705e+00 1.147133036984513854e+00 2.781251631350041720e+00 2.683272727773472699e+00 2.011141720254856047e+00 -3.889963916114538289e-01
2.737293630035424918e+00 1.003031948372819837e+00 1.550193834472767707e+00 1.304538152264138162e+00 1.406860436404901771e+00 1.242784097926756814e+00 4.036504139408080283e-01
1.918926704889685864e+00 1.922506989914282149e+00 1.806075497969109156e+00 2.418784165147825682e+00 1.505223548143121315e+00 2.133201375471164951e+00 -1.873097167265451168e-01
2.861383377125233274e+00 2.428109554156339112e+00 1.939634742115309285e+00 1.751499901096672307e+00 1.380290351596785481e+00 2.911819915915887513e+00 -9.066094586383419140e-02
2.550400537276862778e+00 2.044925009363659285e+00 2.757444205849398866e+00 2.018908459243627274e+00 1.116306917420996303e+00 1.000789949841758730e+00 3.900581276354583848e-01
1.948210657869499762e+00 2.539296014747546071e+00 1.670449444626668001e+00 2.728277414418325719e+00 1.241936606637654261e+00 1.975346203554685154e+00 -4.343372021710024677e-01
2.161367173032597844e+00 2.984971133221302697e+00 2.556828108619768170e+00 2.413951971853453671e+00 2.584776510169231045e+00 2.615777156341683174e+00 -5.132254242711532799e-02
1.690795132680246615e+00 2.972786534930715874e+00 2.918570124316391290e+00 1.323305833085270722e+00 2.901520842435997949e+00 1.664644905053998425e+00 3.055262856305319130e-01
2.446366691068910804e+00 1.521791917185402188e+00 2.841560340176049859e+00 1.394931128214678351e+00 2.571383495498639427e+00 2.422722007986682247e+00 7.878627122039504327e-01
2.653415552985705972e+00 1.192508570035761606e+00 1.244019767064173720e+00 1.414410558390272410e+00 1.501325317976675233e+00 2.192750018600730932e+00 -6.637057049788379348e-02
2.771247275881892680e+00 2.128439947790978781e+00 2.766242607216959026e+00 2.677308787919441713e+00 1.859637580723593642e+00 1.867857571633189773e+00 2.105349942653498008e-01
1.418057007120975044e+00 1.371002069203439921e+00 1.697487368375297789e+00 2.895674934668341916e+00 2.051191090355690694e+00 2.876215111450393103e+00 -1.080311407000101170e-01
1.244772868732454407e+00 2.167507655147264956e+00 1.842807595011926480e+00 2.206477190103244723e+00 2.521503828393805158e+00 1.533704250678057379e+00 -8.728890779681570955e-02
1.114392637887428483e+00 2.344449888203070209e+00 2.994373463815329650e+00 1.309988134848673269e+00 2.601099528526554572e+00 2.038818083063854925e+00 2.765484112448664544e-01
2.393876751110485479e+00 1.276623949355033760e+00 2.153233124884462946e+00 1.622214214748082473e+00 2.843667866403646105e+00 2.176422821835694243e+00 4.692132166431080553e-01
2.052281100635396260e+00 2.863068877087037389e+00 1.987683265390683962e+00 1.440485159268963811e+00 2.415939036280962959e+00 2.484992904395221913e+00 -1.789501160765423135e-02
1.875548219013334128e+00 1.016640861413985464e+00 2.486154654852776424e+00 2.062466900546728432e+00 1.261028253928488718e+00 1.935684342287680826e+00 4.747598660264166215e-01
2.356484366360255045e+00 1.908209813602435911e+00 1.248054597106332153e+00 1.493517499679746452e+00 1.762275216610556861e+00 1.067652367471706221e+00 -3.507255777899279114e-01
1.531684106535119438e+00 2.908201838707468401e+00 1.124858875413330850e+00 2.773607176099941007e+00 2.849756031867413775e+00 2.943099252756529172e+00 -6.818210622148372924e-01
2.566334326217504458e+00 1.953647952542034272e+00 2.258883474528589730e+00 1.127349585397802834e+00 2.284367841319498105e+00 1.227945771125744212e+00 5.122176781620811914e-01
2.045267737130787911e+00 1.305191135281855042e+00 2.501222055404006106e+00 1.516471398534869897e+00 2.218757401291469922e+00 1.073263250095563892e+00 5.685235168989759558e-01
2.200920162068210839e+00 1.809735377166376002e+00 2.103991858674475246e+00 2.476801176801604498e+00 1.217175518340539053e+00 2.705141557513332629e+00 -2.751242707443007050e-03
1.966773039299644976e+00 2.846360264859259637e+00 2.867541211441233528e+00 1.012378667127521448e+00 2.897297358615371188e+00 1.432240766656273978e+00 4.661411169110448727e-01
1.025700174784605290e+00 2.927910139192002603e+00 2.572800906560809509e+00 2.623386796706931534e+00 1.916879551852610053e+00 2.462343860666481810e+00 -3.477442903603075730e-02
2.511651169145588725e+00 1.507434689485087187e+00 2.161347296979151178e+00 2.369019078248760568e+00 1.435699347817061211e+00 1.825359608184891291e+00 1.526656666782876537e-01
1.719797987153433239e+00 2.946566246245432730e+00 1.998569376449218504e+00 2.605589487180033803e+00 2.950996212459912726e+00 2.941746338945731232e+00 -2.876354504319444949e-01
2.830039720864168551e+00 1.862041358980386807e+00 1.768687812695348915e+00 2.478745127701511564e+00 2.085045474173186530e+00 1.063792792515126262e+00 -2.760428776008181928e-01
1.625050958682193958e+00 2.401832045310872576e+00 1.912217562651683744e+00 1.082892739625049838e+00 2.538389090249766333e+00 2.416048382509088377e+00 1.258290761801151569e-01
2.171282982923033344e+00 2.230427023445731294e+00 1.601624102681594497e+00 1.458529043664231528e+00 2.528035222225009093e+00 1.057847212762069944e+00 -1.275517408701214161e-01
2.850135515826342392e+00 1.500374759771864186e+00 1.478754042901119226e+00 1.600625760278421073e+00 2.557666567356518872e+00 1.700372104033877951e+00 -6.799917668576964391e-02
1.655038517665586184e+00 2.355851172757422951e+00 2.076646219215099620e+00 1.558230344521529753e+00 2.639602510112116995e+00 2.577024901925858646e+00 7.609575126249948362e-02
1.334483964628591757e+00 2.598102852152593734e+00 2.057485100616266660e+00 1.115931249731875630e+00 2.463050635418674084e+00 1.751296496855766716e+00 1.331825803948094855e-01
2.673131137361278498e+00 1.177480970698278284e+00 1.869091062974225004e+00 1.968683348150036982e+00 2.132600892395480230e+00 1.176895675995357493e+00 2.660044804238707594e-01
2.454247726539249719e+00 1.835329666676130955e+00 2.040246437973185945e+00 1.735158300603888648e+00 2.779003164652466218e+00 1.319306919609338546e+00 1.869399387074438534e-01
2.411688350532613434e+00 2.275995096665837991e+00 2.972964619396792685e+00 1.871326768047238742e+00 2.473275959515738975e+00 2.472708728037823711e+00 4.404472253062191589e-01
1.757214599706823810e+00 2.328287599266433805e+00 2.694255781558457130e+00 2.914312292292338125e+00 1.054811762970166100e+00 2.168849801610050587e+00 1.594617481175635357e-02
1.435289773400968416e+00 2.495273723782105435e+00 1.359607793392412445e+00 2.123897201303996507e+00 1.560549992078696047e+00 2.407585149079607412e+00 -3.681188161232868961e-01
1.545388342966812045e+00 2.313857746178982655e+00 2.781313756852243024e+00 2.707775587567917697e+00 2.295959785332855496e+00 2.052202958144038192e+00 8.739055774460098569e-02
1.899875930416297320e+00 2.544911357207787717e+00 1.039027906321172479e+00 2.312923127211134133e+00 1.901796267839786836e+00 2.821656057231683334e+00 -7.506116804980945689e-01
2.382049814548305555e+00 2.379031415441610342e+00 1.230568793334176014e+00 1.447602153283986670e+00 1.822827816460543815e+00 1.406071873753002244e+00 -4.578772030299183560e-01
2.737006775638094247e+00 2.783462415138464152e+00 1.225834190253883182e+00 1.975863017713055614e+00 2.646840803559832977e+00 1.822384528756076705e+00 -8.480583217082093839e-01
1.149442198929786274e+00 1.109380987772038196e+00 1.023895389872298889e+00 1.197631183805563104e+00 2.023686648927072618e+00 2.481976086903127765e+00 -5.239793645903353253e-02
2.475884089350382844e+00 2.542122536095235752e+00 2.668110054310972590e+00 1.766231265649727433e+00 2.769855479078189742e+00 1.819509925232275505e+00 2.668470440195914173e-01
2.153649500346061174e+00 2.626385055005264313e+00 1.837539596466730929e+00 2.097967917393591897e+00 2.832936217891278030e+00 1.348479348641780318e+00 -2.644981692732346623e-01
1.322601724373360321e+00 2.816169045196042831e+00 1.365137661143903669e+00 1.852053084027626806e+00 1.726020091351517571e+00 2.290989221326614089e+00 -3.347299919604527219e-01
1.581658764842586828e+00 2.810617981271980703e+00 2.250379079608351596e+00 1.205891447582289500e+00 2.900647499268096396e+00 2.250541226263296668e+00 1.477055565171647711e-01
1.000635201505327698e+00 1.829717642293554603e+00 2.459395115915737229e+00 2.140355360972567844e+00 2.054077079821783336e+00 1.064068613847702238e+00 8.750738223480707123e-02
1.188711652544532926e+00 2.295466347586460287e+00 1.110757714054122935e+00 1.052748027355805860e+00 1.206129017467020725e+00 1.739496865213747023e+00 -1.901311903944660764e-01
1.806665979549494372e+00 1.489129621914304646e+00 2.791842834982064758e+00 2.724083414093620092e+00 1.493233227896253457e+00 1.202082194007674465e+00 2.813701455987200895e-01
2.768322962238890739e+00 2.731766257671649711e+00 2.165672825271814705e+00 2.789511134948849058e+00 1.550639335991419454e+00 2.215499934178109420e+00 -3.440384032444046003e-01
2.824202038694850092e+00 1.102173420167268825e+00 2.977339513637398127e+00 2.580857789832040616e+00 1.764457575174686044e+00 2.780463268687661582e+00 7.498572179013337502e-01
2.052803569224764590e+00 2.900199711913329814e+00 1.043514532312883381e+00 2.664446010555257871e+00 1.808212261841066537e+00 2.451720066386111618e+00 -9.239799612451395916e-01
2.500816188097373605e+00 1.137111161773605605e+00 1.035238411858569574e+00 1.908187815017025502e+00 1.097393449865620374e+00 2.413037010935308757e+00 -4.353624420230177705e-01
2.067938296306202073e+00 1.117600669981320127e+00 1.417102292632284266e+00 2.221947046836007189e+00 1.447608648071059267e+00 1.812568178925858975e+00 -1.042906126991041821e-01
2.858419464621206885e+00 2.384154172248868164e+00 2.557663984968976401e+00 1.846843527164368171e+00 2.749126999226586321e+00 2.893631181220761128e+00 2.681339912165591755e-01
2.013413422037457323e+00 1.028782698162575837e+00 1.040266498156704245e+00 1.151030281552841483e+00 1.015516488254494254e+00 2.687876507764477285e+00 -4.480266969098048446e-02
2.956472733147651688e+00 1.618424791957975506e+00 2.955868253345713903e+00 1.100754385050433104e+00 2.850923542454286697e+00 2.713438962038252189e+00 1.111320762518785532e+00
1.178204535113500429e+00 2.806703154677856027e+00 2.574418256478157918e+00 2.594145054323440558e+00 2.473021256746386065e+00 2.617700082985059851e+00 -4.160945996147205617e-02
2.811953196296244073e+00 2.959265429976115414e+00 2.100718988005440657e+00 2.028465200030125093e+00 2.795719721283826509e+00 1.762408732697495983e+00 -2.224654998406365158e-01
2.342220582296902887e+00 2.206305073512929038e+00 1.095625038502831439e+00 2.275528789084741987e+00 1.133868148341091064e+00 2.990290442967486584e+00 -8.187561794965894091e-01
2.824651515766079868e+00 1.259787985450752767e+00 1.532459834935877119e+00 1.496043355946611086e+00 1.985191979502194171e+00 1.535823995444959955e+00 1.418307163554859418e-01
2.316877770166614781e+00 2.239196485340004816e+00 2.806547518658681462e+00 2.240421516064029728e+00 1.417197591035941784e+00 1.575064023118717627e+00 2.657040214400833711e-01
2.456242076629197246e+00 2.193119538147415781e+00 1.762165678840806438e+00 2.244294211280110751e+00 1.412317419450862976e+00 1.826147463764786538e+00 -2.788797002184600360e-01
1.504660374378087750e+00 1.171874627987170348e+00 1.706009594000814422e+00 1.452307787254437654e+00 2.937682124075664092e+00 1.491089181328957292e+00 2.054978042484918443e-01
2.736421928224324951e+00 1.074013221437558396e+00 1.771951920569505790e+00 1.398574461170618788e+00 1.709276607713101415e+00 2.449086022418287989e+00 4.821105984107131315e-01
1.167530073464710050e+00 1.282952853471594379e+00 1.844456733296570006e+00 2.547790482188274197e+00 1.981628170227531793e+00 1.077646944667891571e+00 1.453625922274542383e-02
1.658982021275872798e+00 1.533783544488591666e+00 2.018925675168681266e+00 2.659263486230761586e+00 1.377124069982423427e+00 2.384252635390005537e+00 -7.800689959155933904e-03
1.169668501917435322e+00 2.788309318201334541e+00 1.488624536557749733e+00 1.331700333816829396e+00 1.675921859304298822e+00 2.519392123045582466e+00 -1.369246196426514017e-01
2.664018624724049822e+00 2.024058189383239892e+00 2.657026066365102412e+00 1.915778926393274295e+00 2.476808293443755637e+00 1.568290196607925013e+00 4.126947363342573505e-01
2.549520526861985825e+00 2.549813421922174861e+00 2.757767550136814627e+00 1.269932528287216922e+00 2.388715135574061676e+00 2.733824200884398259e+00 5.039300039406673370e-01
2.341623956412057339e+00 2.343554024527013890e+00 2.948887521459457428e+00 1.620887364813219378e+00 1.028773138893944283e+00 2.765440368950232930e+00 4.651318730823087444e-01
1.077031581640606639e+00 1.718959500089940695e+00 1.676986486377991747e+00 2.941716419871481136e+00 2.582140476382403627e+00 2.588062655565344095e+00 -1.592180308638029562e-01
1.794554050777950938e+00 1.515870320853983433e+00 2.571478637034288361e+00 2.197720916146265857e+00 2.737095662825042020e+00 2.438863482749579426e+00 3.035061288274170099e-01
1.547629260233151616e+00 2.495208917900772150e+00 2.927565869251786523e+00 2.368883613974158031e+00 2.517629531312135516e+00 2.401445687926494266e+00 1.406875997035678394e-01
2.552024807823889851e+00 2.930109510340277446e+00 1.869518404480843943e+00 1.036113396720429236e+00 2.988959955662232826e+00 2.639844911659714910e+00 9.253505554526779420e-02
2.104982454321266960e+00 1.397501904071981382e+00 1.524123937967227116e+00 1.888579101782906777e+00 2.923643086161822779e+00 2.027718366533871386e+00 -7.542969612740933749e-02
1.845894512137824517e+00 2.187217709280070643e+00 1.787147822069915959e+00 1.708355866892429464e+00 1.477451561819250081e+00 2.488151503561814692e+00 -8.669544281336796776e-02
1.301588954756637717e+00 2.823173835420213607e+00 1.174696598432125816e+00 2.174412803288560792e+00 1.554764215085050250e+00 1.088421239589456802e+00 -4.574400416306010353e-01
2.164334188965482131e+00 2.714960735249029256e+00 1.926712195228969637e+00 2.720917974893470870e+00 2.655049677559589760e+00 1.153065742486039769e+00 -3.739658830646274135e-01
1.835858445492156266e+00 2.148814533274324923e+00 2.905318294516643807e+00 1.493237504768985646e+00 1.300508812917734902e+00 1.295153974406777486e+00 4.455736314239588935e-01
1.328841154927347112e+00 1.731935138951865571e+00 1.527902779978274728e+00 1.048117033786454710e+00 2.161755812632524254e+00 1.772428399937850063e+00 9.550696669991165511e-02
2.089947948031127378e+00 2.120997010492213342e+00 2.814602384688457803e+00 1.185907713339541703e+00 2.645646795587598632e+00 1.827949804736576755e+00 5.704511489989698703e-01
2.748114070251268526e+00 1.646379721386864059e+00 2.983519349118522790e+00 1.437856213091662783e+00 1.600198732657744483e+00 1.342735983498431596e+00 8.769703350939568320e-01
2.866664745065113262e+00 1.313272221991093947e+00 1.751150280150590044e+00 2.950155123695796355e+00 1.537153900910219306e+00 1.214115989430132547e+00 -1.688384272504973582e-01
2.366447271847331280e+00 2.787047251848727036e+00 2.276168696456855933e+00 2.031879573240406689e+00 2.478669203563947043e+00 2.958485625267951669e+00 -4.739773608215751971e-02
2.822051407188009620e+00 1.077663567044617521e+00 1.775988245490901507e+00 2.930131621060895419e+00 1.656004282121496196e+00 1.928157483271034867e+00 1.422014724722091891e-03
1.602182847166972790e+00 2.798417951005681470e+00 1.169953569656556835e+00 1.695129117229710269e+00 2.881538495091025887e+00 1.809593947329462216e+00 -4.797669108351974021e-01
2.670631928781753928e+00 2.464244793855752569e+00 1.817138358454920999e+00 2.579601903381089301e+00 1.396279205914503940e+00 1.012330490548634110e+00 -4.446570973371348212e-01
1.450806779203242858e+00 1.759708783504934537e+00 2.088785008146543554e+00 1.285809624664378648e+00 1.889602258572819604e+00 1.841753788336730313e+00 2.561062889812368293e-01
1.753213195208466857e+00 2.030305158522591302e+00 1.876773344740211735e+00 2.213698226141917136e+00 1.043015657452337042e+00 1.244274205119951571e+00 -1.123014007884004517e-01
2.088294206889305116e+00 1.430637306578537382e+00 2.516321586268695398e+00 1.595402582507184031e+00 2.743608328259531604e+00 2.909600692163271773e+00 5.055993212860994124e-01
1.885289603240499545e+00 1.352373549944884124e+00 1.898712183895485905e+00 1.983874311190442441e+00 1.345094433448839721e+00 1.017144418276772155e+00 1.295897467985445972e-01
2.264828276588128908e+00 2.414652808633474201e+00 1.271681669067316944e+00 2.696105749390655948e+00 2.537681032959633320e+00 1.419515047760537385e+00 -7.691060388816218785e-01
2.041743297895132869e+00 1.898532480999092886e+00 2.493613461174262191e+00 2.849677989268711631e+00 1.437984559288802755e+00 1.238988099950805388e+00 7.691322886761255140e-02
2.084642080856043300e+00 2.290101906851581326e+00 2.762745640488073473e+00 1.872231388063264390e+00 1.898973571005168282e+00 2.517766221881975852e+00 2.924827399401645489e-01
1.893421761770675227e+00 2.537768699020309882e+00 2.893969145538432208e+00 1.714716446283624185e+00 2.675354487736576470e+00 2.844957143284022827e+00 3.121044090340997501e-01
2.938365564519886064e+00 2.489816910609167433e+00 2.306520757981145309e+00 1.016452862871730201e+00 2.949448922634078762e+00 2.452769116244437164e+00 5.060479881105235389e-01
1.936852281320284641e+00 1.767243425605383722e+00 1.485933638254586464e+00 2.989093133640892574e+00 1.467548418469179383e+00 1.921683545618676048e+00 -4.151696873886619454e-01
2.566736094882708485e+00 1.355646741437470881e+00 1.930195314321331512e+00 2.307867624236267012e+00 1.852860079017957018e+00 1.446328348402341479e+00 1.219714604388689172e-01
2.130527343974532251e+00 1.939588099494597762e+00 1.770916244788616423e+00 2.488337912223395065e+00 1.675363987442041624e+00 1.307166433754581192e+00 -2.439527470012793908e-01
1.496151211077711762e+00 1.194140202407566909e+00 2.011476356187066994e+00 1.299707336066861396e+00 2.874572368105517306e+00 1.089548941572312524e+00 3.512482009364236712e-01
1.446976141276666405e+00 1.883463871214590579e+00 2.087754289719689460e+00 2.975086561008739139e+00 1.141733508344535242e+00 2.209221196718489821e+00 -9.771914401653948590e-02
1.320112211323066331e+00 1.757892111705204430e+00 2.922883773598757617e+00 1.912222586979459349e+00 1.866688658770243592e+00 2.950639663114970723e+00 3.102498397555442100e-01
1.884972429648756220e+00 2.005036970406988583e+00 1.716930751990765502e+00 1.315560184066809413e+00 1.122010368509206213e+00 2.101102983557834314e+00 5.579478784702647520e-02
2.674395440276580160e+00 2.005123139486642003e+00 1.510461736872699356e+00 2.228224328633476858e+00 1.245994866350678354e+00 2.375511034954160827e+00 -4.407663049635049957e-01
1.920233739483955482e+00 1.832497123289160035e+00 1.578131934178158113e+00 1.032160581187680171e+00 2.522050129322592760e+00 1.565421341557277524e+00 1.107636238921357041e-01
2.074904935622658542e+00 1.513734128707183269e+00 2.376052643028134348e+00 1.556211528079828765e+00 1.267892259974562119e+00 1.654553126654411122e+00 4.515790877202769393e-01
1.546683975708091907e+00 1.262782529418206678e+00 1.277076560643879644e+00 1.248245317853670322e+00 1.110853197890349309e+00 1.309869393458551246e+00 2.144628925628831034e-02
2.947055000647044842e+00 2.229846665172954268e+00 1.307070209809230832e+00 2.330596063777934379e+00 2.758571482105944384e+00 1.910647083300215154e+00 -8.123147797488896593e-01
1.247402765651869805e+00 1.664419344556603786e+00 1.763514517000989601e+00 1.609818375809379587e+00 1.398500653989080522e+00 2.351584523713187380e+00 4.332203892785554955e-02
2.294763607479268330e+00 1.955338792417120386e+00 1.427973148365386802e+00 1.984121356429030092e+00 2.904093455552126279e+00 2.409894185202837935e+00 -3.691185622511490294e-01
2.654443043711415928e+00 1.842336070180335739e+00 1.843053624978490124e+00 1.326311993056948690e+00 2.106006406539303377e+00 1.678593485911905603e+00 2.221755043730000156e-01
2.171005465190781525e+00 2.642930510378411313e+00 1.163322976314949742e+00 1.926119837095554566e+00 2.702477401758610398e+00 1.142828377201224876e+00 -7.080111690570815020e-01
1.317987300165208042e+00 1.036635467844631675e+00 1.078693959909630795e+00 2.986585073380686683e+00 1.374700832373449977e+00 2.994907672175991742e+00 -3.032843807587949914e-01
1.599852312923915498e+00 1.707444796402489917e+00 1.018315550358434685e+00 1.468827895085427881e+00 1.702382296377583426e+00 2.781255009351020213e+00 -3.325804122869877033e-01
1.436478599109257903e+00 2.067810923175992688e+00 2.836730534011093319e+00 2.904609634296120291e+00 2.393415949038129931e+00 2.066926523072433852e+00 1.052849445622744684e-01
1.638336864469448706e+00 2.626234063816716535e+00 1.087962478778170539e+00 1.097121055856682181e+00 1.784895317282809923e+00 2.069276916913241227e+00 -3.593337887724953328e-01
1.871279714964131813e+00 2.445650037796815113e+00 1.811532440452343184e+00 2.113368472398750697e+00 1.555128845573333196e+00 2.167790346549528735e+00 -2.283734664329052921e-01
2.593778964603706605e+00 2.164669608653323252e+00 1.943088479016970682e+00 1.184886118821378176e+00 2.890468010560499401e+00 1.940904405426261636e+00 2.448788166342318329e-01
1.469776339775569651e+00 1.785608229573319328e+00 1.118276539920650459e+00 1.579366848267604206e+00 1.566553933155787171e+00 1.766790532960816229e+00 -2.927142983994341363e-01
2.025922754549513094e+00 1.003129848406679292e+00 1.419610985776913470e+00 1.830513821201807723e+00 2.813782505953769331e+00 1.979377010461923048e+00 4.682187855195669296e-02
2.346913297662860831e+00 1.886891513850677438e+00 1.603857431443220349e+00 1.177526483017098169e+00 2.607704128523372411e+00 1.356681852714993308e+00 8.991875680503039203e-02
2.638039129760741730e+00 2.811086291953742489e+00 2.874728388887568986e+00 2.217323253408639339e+00 1.123658021109678495e+00 1.405659270071770717e+00 1.760637154568358009e-01
1.840229493377904424e+00 1.433054699876462834e+00 1.314279833946290665e+00 2.479343273938834358e+00 1.515962119792449547e+00 1.382952201860631947e+00 -3.357780061486921319e-01
1.319141017613250089e+00 2.089468690353702307e+00 2.821134171174189298e+00 2.273294465437706524e+00 1.660224663326896666e+00 2.112408361563915093e+00 1.916294005930547217e-01
2.972545446048687978e+00 2.380896014801893834e+00 2.237445002842227471e+00 2.289794271746845578e+00 2.568638568736372196e+00 1.222864551371466657e+00 -7.952308028781145122e-02
2.366826225417234753e+00 2.596975967135637831e+00 1.250549641104553800e+00 1.607986578024954483e+00 1.786842070133443094e+00 1.905550206341923847e+00 -5.661450095861642051e-01
1.081155589086231439e+00 2.470027827331974901e+00 1.695277653200226720e+00 1.891204972021128361e+00 2.102388641158138061e+00 1.367545420322810568e+00 -1.275346463997977797e-01
2.537643899098609879e+00 1.824352784484533974e+00 1.980671080121639616e+00 1.649423092136795610e+00 2.485825424783479232e+00 1.557539579850113265e+00 1.772295943050980205e-01
1.976855421380007360e+00 2.953327574767857566e+00 2.843935855158694181e+00 2.961866187067195177e+00 1.036363572173177205e+00 2.728724777348877861e+00 -3.854480813613928025e-02
2.099312844614366291e+00 2.176408068014383357e+00 2.421702471251269362e+00 2.894373764084790857e+00 2.467815326784636554e+00 2.838878846134598177e+00 -2.627639606260465110e-02
2.481572035729799452e+00 2.052834845932765440e+00 2.028301830643779446e+00 2.208295990108311901e+00 2.720011776673919801e+00 1.421191423706844148e+00 -4.726712422984779421e-02
2.667028499425021515e+00 2.660331121697978141e+00 2.792250572046123480e+00 1.598064778903953709e+00 1.501220230783684606e+00 2.491906717703499474e+00 3.888241389157201522e-01
2.904017044114036938e+00 2.349897402338978480e+00 2.782538087355086898e+00 1.517396187878248037e+00 1.838313455398048024e+00 1.873822845905037004e+00 5.523958129509278780e-01
2.946470263877336127e+00 2.473743923681859691e+00 1.023282835385305178e+00 1.040853756669800623e+00 1.192873627007188908e+00 2.974705472714754606e+00 -6.256933015286108013e-01
2.253436872130670565e+00 1.244924227510919801e+00 1.897592442524965062e+00 2.121224140643536593e+00 1.657598918614510142e+00 2.635531243709377858e+00 1.543368778666373009e-01
1.430630406239598695e+00 1.894035036909824665e+00 1.573643867720795564e+00 1.993371637944072683e+00 1.788841090743026774e+00 1.969560749546671818e+00 -1.671601986887974733e-01
2.233299347909177612e+00 2.253074572893506655e+00 2.880406524025653781e+00 1.124522740743233218e+00 2.487010860466724260e+00 1.083500468746632750e+00 6.195186052670746957e-01
2.875895501003135735e+00 2.601425390424080053e+00 2.684937598404057102e+00 2.128576064180877303e+00 1.125754107340707577e+00 1.444336559270880116e+00 1.855857594491042706e-01
2.638892419714941706e+00 1.455006309773498430e+00 1.784251519806715258e+00 2.088506856161867375e+00 2.212225024115531014e+00 1.330431354697100277e+00 1.599026074360556174e-02
1.085159616430962259e+00 1.055384169419159024e+00 1.407547208003926853e+00 1.263462444652964756e+00 2.381878654008786622e+00 2.304693581497310184e+00 8.880844123281156355e-02
